105474
0
62
1524
0
16120
1433
0
2259
5
0
6206
0
7184
1804
12575
6096
40679
1618
25402
5709
22300
7541
10187
3357
31385
31940
133
2755
903
20249
0
5368
439
58391
47867
4514
380
1969
2645
2070
0
2239
9206
0
117
20
0
790
0
2411
994
160
1
0
296
122
0
0
0
112
0
0
0
0
0
462
0
0
0
44
0
0
0
0
895
0
0
0
0
63
0
0
308
0
0
0
0
0
0
9
0
0
0
0
0
94
0
0
0
0
25
0
50
0
0
1
0
0
11
394
0
0
0
85
9
0
0
0
0
461
0
0
0
17
50
267
0
59
2
70
0
94
131
0
20
0
0
77
0
241
256
6
0
2
305
18
4
0
0
59
0
0
13
0
8
363
0
23
0
219
0
0
34
52
434
0
0
0
118
560
0
0
396
0
0
0
1251
0
0
0
0
0
0
0
0
0
0
0
0
0
0
0
0
0
0
0
0
0
0
0
0
0
0
0
0
0
0
0
0
0
0
0
0
0
0
0
0
0
0
0
0
0
0
0
0
0
0
0
0
0
0
0
0
0
0
0
0
0
0
0
0
0
0
0
0
0
0
0
0
0
0
0
0
0
0
